1000
2 59 23
19 7 99
93 91 57
19 67 40
100 60 84
57 41 42
71 52 15
15 74 4
54 47 14
51 82 15
75 40 70
20 28 98
30 65 81
45 61 96
34 29 37
83 27 46
62 24 38
8 92 17
88 45 37
47 39 84
17 52 13
0 71 40
21 6 39
53 70 66
56 30 6
27 23 13
15 81 62
96 31 25
34 85 73
80 5 56
42 12 84
77 28 9
31 9 89
42 58 87
10 9 17
12 25 45
74 98 45
84 90 42
16 66 96
2 20 12
66 26 38
2 76 15
47 2 34
55 94 47
1 22 6
13 15 75
58 63 62
32 81 7
79 48 76
87 37 94
35 45 55
1 69 27
82 47 46
66 16 67
68 6 13
57 75 37
71 59 9
65 88 97
69 25 52
27 81 7
2 42 20
98 38 32
6 90 18
88 7 40
88 55 34
42 33 8
31 11 98
48 21 33
84 40 70
56 6 32
7 83 47
63 74 95
62 48 83
33 70 76
16 96 54
27 39 58
57 52 31
94 73 33
51 52 94
36 41 40
100 70 91
12 85 59
98 87 25
75 46 17
91 25 16
75 76 37
8 7 32
31 11 66
45 70 62
43 99 74
51 16 84
25 24 95
21 26 87
95 85 81
31 30 58
49 79 11
53 22 1
88 17 100
19 57 99
73 93 3
16 35 59
57 75 18
86 54 55
0 10 42
93 54 6
32 27 27
17 81 100
87 20 40
36 60 91
34 15 71
65 70 12
61 58 61
52 69 42
49 47 74
93 26 48
59 46 2
9 70 2
13 15 91
30 74 67
37 54 52
52 33 14
49 86 5
12 33 57
69 74 98
54 7 5
38 87 35
14 36 81
16 93 89
18 82 44
48 64 69
82 77 39
97 76 47
51 26 61
67 12 75
11 30 40
34 78 21
8 67 44
84 98 25
59 78 24
12 88 91
73 100 14
40 67 34
48 48 69
100 66 13
68 76 65
70 16 5
87 5 14
37 62 67
0 99 43
85 13 84
40 87 59
63 75 34
23 66 83
99 62 71
76 47 70
100 45 18
11 99 92
84 24 17
66 98 21
11 99 88
79 20 6
99 70 86
3 66 73
64 76 28
21 89 97
16 53 10
7 29 92
86 89 75
40 79 88
75 12 4
69 96 3
49 97 30
3 38 18
21 1 14
54 98 4
19 87 86
30 29 57
1 45 6
5 42 25
23 70 19
0 53 42
22 28 37
55 99 81
0 27 62
60 38 13
99 3 95
24 66 29
54 72 3
67 60 99
82 79 96
49 78 52
50 96 59
2 32 95
23 89 93
67 48 15
2 47 93
81 8 37
85 2 99
5 34 58
99 77 4
84 18 41
10 34 81
41 12 92
91 22 82
78 23 25
75 30 25
71 75 25
73 35 23
0 65 91
47 71 80
25 63 58
36 22 35
12 55 55
93 5 46
16 54 82
96 23 79
94 7 87
22 4 96
89 80 24
69 26 21
68 23 92
36 54 38
95 52 21
26 92 27
45 19 56
38 55 3
35 73 75
31 15 100
4 47 1
8 44 91
92 38 94
73 66 59
0 20 21
81 38 96
47 1 94
25 54 15
68 94 26
67 53 15
94 30 5
62 90 75
71 76 48
36 4 21
81 45 30
34 9 32
74 32 14
39 94 64
33 17 14
1 12 64
90 47 68
52 22 97
38 13 28
3 83 27
93 79 38
14 98 61
40 32 40
70 59 36
67 89 59
10 55 27
100 63 3
90 69 64
71 28 11
45 94 28
21 17 22
86 15 32
39 5 38
63 38 11
16 12 2
18 66 28
90 63 36
30 44 90
26 2 42
84 1 80
93 73 82
46 26 68
16 79 40
54 84 77
25 61 69
34 14 7
75 96 31
96 46 9
93 6 84
63 47 47
74 76 22
81 58 33
28 2 36
64 81 11
53 86 23
22 2 57
7 13 7
50 42 68
32 14 83
89 8 11
38 31 43
12 9 17
56 87 92
36 98 30
41 48 10
12 7 78
20 2 14
81 64 70
69 18 21
98 69 74
46 100 56
63 5 13
6 23 99
51 57 31
1 90 31
70 15 34
51 36 99
82 55 91
5 47 9
4 99 54
15 28 37
56 48 75
57 14 13
68 63 40
54 31 99
66 92 12
29 90 66
43 58 83
42 33 100
18 75 3
39 42 75
26 4 85
93 62 88
28 1 34
77 65 16
32 38 20
67 67 62
37 87 64
22 14 70
25 68 86
93 68 55
3 96 47
97 69 86
54 73 68
33 56 65
28 16 5
96 46 59
95 53 33
27 61 19
83 89 31
96 33 27
72 98 89
97 44 60
28 89 30
85 33 65
26 26 94
52 23 15
100 74 54
14 60 30
63 42 23
58 99 46
16 10 4
58 86 97
7 38 80
49 60 88
19 23 85
93 81 97
76 41 73
91 10 23
34 78 66
6 57 10
72 69 8
9 78 90
95 33 26
56 91 37
72 68 30
20 46 23
1 87 71
37 13 100
68 88 23
97 37 34
24 1 68
59 30 79
77 46 98
76 70 22
61 11 97
41 58 27
13 28 46
45 4 63
86 67 92
10 32 14
67 45 84
9 76 39
0 30 70
55 82 21
60 87 90
4 86 31
59 83 100
4 8 40
23 7 39
87 57 12
73 79 96
53 61 85
4 90 64
52 37 89
42 8 52
68 55 29
57 66 7
58 90 100
9 67 98
24 98 37
14 63 94
100 91 42
74 9 58
98 57 37
44 68 69
37 21 1
19 95 1
5 100 52
86 23 47
0 42 24
46 65 73
97 10 91
88 17 98
100 9 27
93 61 47
69 11 77
7 21 17
8 2 87
41 88 72
7 72 10
87 81 48
44 4 23
56 56 52
99 13 4
29 21 89
33 36 11
59 31 96
6 37 12
43 48 99
79 70 92
46 38 10
14 33 90
49 35 2
89 48 41
97 81 53
55 4 97
8 3 76
28 96 15
0 92 67
99 8 47
0 54 4
45 12 15
100 28 10
34 54 33
38 18 100
100 61 33
21 60 67
25 40 82
38 86 11
75 33 74
64 96 55
47 92 81
77 75 53
22 42 25
68 45 5
5 77 3
14 19 22
25 47 39
21 94 36
69 96 28
38 18 74
56 44 57
78 28 15
48 55 54
72 40 83
73 7 6
0 55 55
16 58 27
100 91 18
37 56 98
42 67 86
67 1 56
53 66 72
66 30 100
4 64 60
12 59 63
73 43 35
73 41 26
0 57 27
88 98 52
13 55 55
22 21 46
20 41 6
52 36 12
81 16 88
12 71 89
79 69 11
81 14 29
15 72 4
74 86 67
57 59 38
4 45 66
68 82 88
79 29 41
6 56 93
99 10 38
31 90 6
67 43 20
13 17 1
53 3 4
23 3 100
53 46 81
91 96 80
65 81 74
21 80 63
79 91 11
80 2 41
73 9 85
0 68 90
91 59 33
95 11 94
36 98 27
75 18 15
77 91 2
22 41 17
63 73 6
54 99 95
52 27 3
67 7 97
52 79 95
100 1 1
16 74 2
55 77 36
28 37 95
28 58 46
66 20 11
19 32 19
11 45 47
9 72 95
35 22 38
48 100 27
50 22 39
31 8 81
65 19 26
1 28 70
54 70 59
67 73 45
100 37 76
46 13 25
14 84 31
10 67 92
53 48 96
89 42 1
48 19 14
29 36 86
47 85 3
71 87 7
18 22 25
41 35 64
35 62 33
4 95 82
88 98 54
33 69 55
94 13 95
16 86 48
32 15 55
44 27 57
97 14 17
36 42 44
8 90 85
22 20 89
84 69 3
76 21 60
7 62 58
59 19 85
31 9 91
91 35 47
61 63 52
69 77 100
100 26 16
45 58 33
33 34 86
34 5 87
22 45 39
14 58 26
5 21 40
53 92 12
79 87 63
63 43 23
100 98 41
25 65 34
1 55 20
21 66 14
37 73 10
44 26 6
73 91 41
73 67 79
42 25 39
67 3 26
57 76 73
50 69 97
50 36 93
81 13 32
4 57 29
37 43 86
11 10 80
13 82 4
10 33 33
82 87 30
28 81 52
23 17 75
55 37 9
38 96 19
30 15 68
41 85 37
83 45 78
23 68 11
97 40 88
46 83 61
91 63 31
97 83 99
10 55 4
83 88 33
39 62 18
36 17 39
93 8 68
21 84 62
28 14 70
74 32 16
19 77 96
69 82 83
23 5 33
8 88 1
63 39 40
88 64 68
45 39 23
67 95 83
27 23 72
90 48 65
84 26 67
26 20 90
40 58 61
38 91 22
10 5 43
53 6 61
32 68 96
91 47 20
2 35 88
75 31 59
85 68 41
70 67 75
89 74 71
57 92 78
35 87 31
84 75 56
73 81 29
2 48 25
34 44 71
48 100 7
38 3 52
47 68 48
61 29 41
75 63 74
74 73 98
58 16 65
17 42 4
55 71 19
75 52 73
57 28 81
31 10 68
20 46 63
17 17 24
5 47 66
41 5 75
100 84 31
46 4 73
10 36 76
22 64 65
8 31 78
16 39 79
96 100 18
92 100 81
14 89 2
84 48 1
41 85 26
85 85 71
91 83 54
89 99 82
17 78 67
88 58 41
100 27 67
9 100 8
62 44 84
96 67 6
83 41 63
36 67 58
60 24 94
44 5 97
35 29 87
65 77 76
16 66 92
78 53 78
76 7 28
58 91 89
21 99 3
22 75 38
46 25 23
80 94 17
26 63 84
97 44 64
65 39 45
3 40 45
75 37 68
79 74 13
61 11 61
62 87 92
28 11 21
20 73 91
1 42 57
61 95 87
50 91 58
21 61 42
30 64 33
13 42 34
33 29 79
79 100 64
49 37 81
16 58 42
54 12 86
1 7 59
100 23 20
52 44 12
59 60 85
59 98 12
84 38 75
73 5 80
18 89 10
77 46 25
53 90 67
58 27 76
38 15 17
75 71 84
64 25 83
10 86 69
58 20 9
61 87 41
42 63 85
17 43 82
53 80 34
91 5 25
95 95 17
51 76 26
24 8 15
41 98 74
81 4 75
39 12 84
60 86 100
92 40 17
57 53 73
15 90 92
52 72 19
76 78 55
32 46 61
84 93 54
24 57 9
99 60 89
18 95 60
59 75 48
56 80 4
25 55 35
84 70 75
7 52 33
55 2 71
47 53 21
55 93 15
99 92 60
85 16 71
20 18 1
82 42 37
2 93 86
13 45 52
91 2 11
85 70 9
73 94 6
47 27 8
52 71 98
7 55 85
78 92 39
15 12 1
79 26 26
29 81 85
58 85 42
32 47 87
78 12 41
94 41 86
67 77 35
25 2 9
2 77 57
30 57 67
52 58 41
80 22 42
34 99 40
1 73 59
52 56 84
23 34 79
31 47 82
16 81 80
25 17 18
0 15 62
100 33 89
39 85 37
12 100 82
67 10 77
100 18 7
44 95 98
37 3 58
70 57 74
2 100 54
89 21 73
53 77 48
49 11 58
13 21 19
9 3 8
62 18 5
17 31 57
90 16 86
7 79 5
93 24 72
92 33 47
0 20 25
16 48 34
13 9 38
36 69 53
80 65 25
48 16 37
100 89 79
55 94 27
55 94 1
13 35 36
93 85 66
0 2 42
35 55 63
50 95 41
50 82 26
83 21 71
34 59 57
90 98 72
84 30 23
5 19 45
31 46 91
33 24 78
47 12 95
82 19 81
85 71 33
61 34 14
11 73 54
72 96 80
95 24 55
67 5 11
22 34 52
16 46 80
98 80 87
67 43 16
7 78 53
91 48 60
20 71 63
78 100 69
65 77 35
29 37 5
86 22 44
75 9 23
97 82 93
55 47 53
98 13 29
72 73 82
77 97 48
96 74 56
74 83 52
76 84 67
38 27 52
96 95 29
35 81 8
57 48 78
61 53 3
70 87 37
37 33 85
14 72 37
23 36 86
91 88 3
53 100 79
61 65 100
46 74 16
64 70 73
76 86 17
38 36 53
57 61 15
57 64 92
11 97 8
72 45 65
17 26 74
19 41 36
96 2 72
36 64 15
54 28 35
6 74 32
33 55 85
54 13 86
98 41 60
84 79 77
67 45 63
76 23 47
13 9 61
71 8 8
28 75 45
66 89 30
34 92 69
36 87 6
100 39 9
29 72 80
100 76 79
41 97 37
84 79 64
80 46 30
68 47 78
24 64 84
35 16 42
86 92 88
99 97 98
23 21 97
61 88 67
97 24 78
88 56 9
49 22 17
44 19 7
37 29 63
98 42 24
7 13 96
8 20 80
21 57 20
16 81 32
67 19 16
37 26 33
52 60 75
100 35 40
77 23 24
5 95 26
89 48 39
29 75 87
79 94 60
95 61 13
83 56 97
5 97 10
91 61 19
47 74 14
28 43 83
7 84 93
25 43 2
35 64 17
52 79 8
30 86 56
55 32 37
33 35 34
8 87 8
16 5 23
80 60 28
87 37 36
79 8 72
61 56 2
28 74 83
54 8 62
85 73 70
20 39 43
47 8 15
60 5 38
42 91 58
82 89 7
82 35 76
85 9 98
2 96 76
0 34 29
57 71 100
51 72 5
73 32 97
91 54 60
23 58 58
33 18 17
23 79 47
17 63 22
4 79 33
29 23 13
29 21 13
62 59 95
27 69 53
45 3 87
99 99 99
67 68 52
51 32 31
65 42 19
95 82 27
13 94 70
94 6 97
94 29 22
92 31 9
50 20 90
94 54 91
13 68 39
100 84 72
